1001, "Póló", 50, 1599
1002, "Farmer", 30, 3999
1003, "Cipő", 20, 5999
1004, "Tolltartó", 100, 549
1005, "Palack", 80, 999
1006, "Pizsama", 40, 2999
1007, "Hátizsák", 25, 1999
1008, "Sisak", 15, 8999
1009, "Napernyő", 50, 2999
1010, "Telefontok", 70, 1299
1011, "Fogkefe", 40, 3499
1012, "Napszemüveg", 60, 2499
1013, "Hangszóró", 30, 1999
1014, "Sál", 35, 1799
1015, "Aprító", 20, 4999
1016, "Trikó", 45, 1499
1017, "Pizza", 200, 299
1018, "Masszírozó", 10, 7999
1019, "Fülhallgató", 50, 2999
1020, "Töltőállomás", 25, 3999